[[ 2.4386  1.      1.      1.      1.    ]
 [ 5.013   1.      1.      1.      0.    ]
 [ 7.8405  1.      1.      1.     -1.    ]
 [ 0.9896  1.      1.      0.      1.    ]
 [ 3.4534  1.      1.      0.      0.    ]
 [ 6.3362  1.      1.      0.     -1.    ]
 [ 0.1512  1.      1.     -1.      1.    ]
 [ 1.9708  1.      1.     -1.      0.    ]
 [ 4.9343  1.      1.     -1.     -1.    ]
 [ 0.705   1.      0.      1.      1.    ]
 [ 3.149   1.      0.      1.      0.    ]
 [ 6.0045  1.      0.      1.     -1.    ]
 [-0.1201  1.      0.      0.      1.    ]
 [ 4.5572  1.      0.      0.     -1.    ]
 [ 1.8853  1.      0.     -1.      1.    ]
 [ 0.6433  1.      0.     -1.      0.    ]
 [ 3.4331  1.      0.     -1.     -1.    ]
 [-0.2844  1.     -1.      1.      1.    ]
 [ 1.311   1.     -1.      1.      0.    ]
 [ 4.2309  1.     -1.      1.     -1.    ]
 [ 1.7692  1.     -1.      0.      1.    ]
 [ 0.1796  1.     -1.      0.      0.    ]
 [ 3.0242  1.     -1.      0.     -1.    ]
 [ 5.3204  1.     -1.     -1.      1.    ]
 [ 3.6102  1.     -1.     -1.      0.    ]
 [ 3.3462  1.     -1.     -1.     -1.    ]
 [ 1.0025  0.      1.      1.      1.    ]
 [ 3.45    0.      1.      1.      0.    ]
 [ 6.3085  0.      1.      1.     -1.    ]
 [ 0.1209  0.      1.      0.      1.    ]
 [ 4.8448  0.      1.      0.     -1.    ]
 [ 2.1467  0.      1.     -1.      1.    ]
 [ 0.6796  0.      1.     -1.      0.    ]
 [ 3.6773  0.      1.     -1.     -1.    ]
 [-0.0437  0.      0.      1.      1.    ]
 [ 4.5065  0.      0.      1.     -1.    ]
 [ 5.5765  0.      0.     -1.      1.    ]
 [ 3.5331  0.      0.     -1.     -1.    ]
 [ 1.9924  0.     -1.      1.      1.    ]
 [ 0.2115  0.     -1.      1.      0.    ]
 [ 2.9225  0.     -1.      1.     -1.    ]
 [ 5.4666  0.     -1.      0.      1.    ]
 [ 3.226   0.     -1.      0.     -1.    ]
 [ 9.2117  0.     -1.     -1.      1.    ]
 [ 7.5544  0.     -1.     -1.      0.    ]
 [ 6.32    0.     -1.     -1.     -1.    ]
 [ 0.3388 -1.      1.      1.      1.    ]
 [ 1.936  -1.      1.      1.      0.    ]
 [ 4.8556 -1.      1.      1.     -1.    ]
 [ 2.3879 -1.      1.      0.      1.    ]
 [ 0.7412 -1.      1.      0.      0.    ]
 [ 3.5961 -1.      1.      0.     -1.    ]
 [ 5.9067 -1.      1.     -1.      1.    ]
 [ 4.1958 -1.      1.     -1.      0.    ]
 [ 3.8571 -1.      1.     -1.     -1.    ]
 [ 2.348  -1.      0.      1.      1.    ]
 [ 0.7602 -1.      0.      1.      0.    ]
 [ 3.2546 -1.      0.      1.     -1.    ]
 [ 5.7881 -1.      0.      0.      1.    ]
 [ 3.5592 -1.      0.      0.     -1.    ]
 [ 9.5124 -1.      0.     -1.      1.    ]
 [ 7.8609 -1.      0.     -1.      0.    ]
 [ 6.6235 -1.      0.     -1.     -1.    ]
 [ 5.7166 -1.     -1.      1.      1.    ]
 [ 3.9676 -1.     -1.      1.      0.    ]
 [ 3.3723 -1.     -1.      1.     -1.    ]
 [ 9.3963 -1.     -1.      0.      1.    ]
 [ 7.7234 -1.     -1.      0.      0.    ]
 [ 6.4485 -1.     -1.      0.     -1.    ]
 [13.1802 -1.     -1.     -1.      1.    ]
 [11.555  -1.     -1.     -1.      0.    ]
 [10.1794 -1.     -1.     -1.     -1.    ]
 [ 1.6022  1.      0.      0.      0.    ]
 [ 1.8777  0.      1.      0.      0.    ]
 [ 1.5858  0.      0.      1.      0.    ]
 [ 2.0154  0.      0.      0.      1.    ]
 [ 4.0409 -1.      0.      0.      0.    ]
 [ 3.7084  0.     -1.      0.      0.    ]
 [ 3.8613  0.      0.     -1.      0.    ]
 [ 3.2502  0.      0.      0.     -1.    ]]