([-3.9738213512253884, -4.258767827277924, -1.7401270444714307], [2.328024689313866, 2.4971989458667925, 4.278565671123352])
([-6.0, -3.0799759490183676, -6.0], [4.219334130527599, 6.0, 2.811763490689638])
([-1.690028871358865, -2.633584508617916, -3.425753946495256], [2.4835130799987484, 1.7086008334427998, 2.650090979751366])
([-6.0, -5.344343896566443, -6.0], [4.281974269080597, 3.03163288976496, 2.8347694126347314])
([-1.8602379614587747, -3.3853280396017227, -3.6131369037039103], [5.9839044927317575, 6.0, 6.0])
([-1.7952584803092781, -3.1374116547123423, -3.9970302770485064], [6.0, 6.0, 3.222297613525541])
([-1.6114204077613312, -6.0, -1.6685920160455685], [3.487489781285448, 3.311977043685772, 5.4360864068658765])
([-2.2959326709753602, -6.0, -1.8959190178823488], [4.894941519706094, 2.281487220347232, 3.4601509278650227])
([-6.0, -1.4487342237797982, -1.2466096308291483], [1.8196463343147702, 6.0, 6.0])
([-6.0, -6.0, -4.92642215127683], [2.6070309377492933, 6.0, 6.0])
([-2.0799406829185605, -5.770015219565723, -2.530080269017931], [3.2065109612631506, 3.743123452719183, 4.624836740812051])
([-4.650376668067559, -4.4985636263131, -5.8111997433085385], [5.878874944197356, 4.103124331646061, 1.3889056928911048])
([-6.0, -6.0, -5.549881829994888], [5.5470590945722975, 2.7411568748994917, 6.0])
([-3.527993986656271, -5.232750497371527, -5.883514133707274], [2.4906166400354643, 1.891439531254605, 1.5471110503991279])
([-2.284374704638537, -2.328439621772575, -4.057831800660458], [3.40340766039653, 1.8431149177897779, 1.309770660512539])
([-5.62122546811869, -6.0, -1.8908076868228807], [5.013417447605774, 1.322253464881134, 2.6780375265343297])
([-6.0, -4.7098291734029045, -5.401743895808945], [5.613445118838695, 6.0, 5.152520829452581])
([-3.2699630618860813, -2.1608856458159607, -2.230231961304655], [1.5735784614198447, 3.634319411496035, 3.1046990096474083])
([-1.8690422899489556, -2.8817857489728143, -1.7392513045213542], [1.19433112315002, 2.3507255416883632, 2.9748776036449436])
([-2.0642377655888806, -6.0, -5.194979973341873], [6.0, 3.2926837990402054, 6.0])
([-3.675253477586442, -4.267631149684679, -3.6117360545724284], [5.098255288667917, 3.0594254652948862, 5.112319273846407])
([-3.6193689751157643, -2.1113501209766334, -6.0], [6.0, 6.0, 6.0])
([-3.563555903342047, -6.0, -1.6174947678975946], [2.1485811566152466, 2.1264704303667354, 3.927075641794611])
([-3.785674439915552, -4.1733662795579045, -6.0], [2.6176179038911056, 1.5900869879311816, 3.9479939715048604])
([-4.059002860060098, -3.0893296645831363, -2.317374248316082], [5.2524773953399935, 1.872983899669298, 2.2185284718851594])
([-4.099010870088052, -5.638633045358258, -6.0], [6.0, 4.492781554132787, 2.578865893138147])
([-6.0, -2.9784176793514203, -2.800954209290489], [3.002406211074888, 3.9109280332331977, 1.455828076864059])
([-5.141304952379296, -1.8698624344803199, -4.722774653824949], [3.5021231158271804, 3.972253699254182, 6.0])
([-3.2942884621334523, -6.0, -6.0], [5.921501521282413, 3.966699314293296, 4.9560663366215865])
([-6.0, -5.72396022505483, -2.521656099042813], [1.7540464474732784, 3.023577185681334, 3.4588881060874375])
