([-5.0367420696531, -2.4974352797437946, -3.7177510264558733, -2.695312602545632], [2.0601893258396027, 3.3933750818678736, 4.2819620275619865, 3.1471094945296403])
([-1.4279164338266124, -2.0698517905819886, -3.567306649152067, -1.19922016496525], [3.8446671881709884, 3.07977202824689, 1.496978818268059, 1.821087626885985])
([-2.796869821436509, -5.372670413792941, -2.0055455690069857, -2.6773568196477653], [2.556484000136868, 3.797241645249652, 6.0, 2.1128563860198897])
([-3.8640003040192235, -3.8061077793933262, -2.760560590270679, -3.4753434801371044], [6.0, 4.569342676479105, 6.0, 3.644113218814435])
([-6.0, -4.370882921772433, -1.8908110941968994, -6.0], [1.5181943133836493, 4.572685736459242, 4.314833440208626, 1.5385357631084926])
([-0.8778771018377091, -4.241474396490162, -4.494907550590849, -3.447956743643374], [5.417208925016385, 2.0485620198468935, 2.2019272347268863, 3.3950023245191336])
([-1.7343205870084597, -0.5674372396596653, -4.409861887945437, -2.234249406753958], [0.8506798186690933, 3.3836325124997675, 0.7173209651925504, 0.7495832764916311])
([-2.200759938535375, -3.810230390709672, -3.4674529885190966, -2.244263197471664], [2.026468379944675, 2.2436733637442368, 1.9025041044138546, 2.4112057485631797])
([-0.7948309601005242, -2.047851471553278, -1.5713475489161726, -3.077049571146728], [2.2146697689392933, 2.272336620494891, 2.0465571093839974, 1.5326577690505085])
([-6.0, -5.171706963322138, -4.628253845633972, -3.9098468191135516], [3.7928941149507103, 0.9802526747638544, 2.4486777523846595, 2.059232092903627])
([-3.4458269941430073, -2.2079623463365032, -5.982256006579009, -1.8892395513985611], [5.40588602131371, 5.184304600978014, 1.108722923172006, 4.424265483953725])
([-2.7289000344029626, -2.8809679380986317, -6.0, -0.6036915022720868], [5.978999938519086, 4.855248840675778, 2.1464177076189004, 6.0])
([-3.3193691305587514, -4.396360379939084, -2.845579292989356, -0.6874509886224972], [4.332242158852347, 2.585476433729966, 6.0, 5.430678227502054])
([-2.032107629796931, -1.8695428840062622, -1.0685235347948216, -3.5806898041662376], [1.8647862790701053, 2.489302482649757, 1.7316245939400619, 1.759248644187734])
([-6.0, -2.988223213589575, -4.96125129401264, -4.518977838591526], [2.48032903970073, 6.0, 2.7858439591726962, 2.3302036866029856])
([-2.7504477483656555, -3.476208100375821, -3.354517818234766, -4.861557102736758], [2.8831927128149184, 2.4129658220933785, 1.4632398643142317, 2.0503024455195473])
([-4.055530024628271, -6.0, -2.253683053982497, -5.0033423207596375], [2.7801553925454074, 4.02239961505266, 2.6451807610676794, 2.2792523124863786])
([-2.7084318761865793, -5.740320522949224, -5.018157999788245, -3.1618283994285545], [3.2082380470709246, 0.7224334145925523, 5.436061478590812, 2.193042306619901])
([-2.527861105498972, -1.61011027925659, -2.2036520208380987, -4.692439602083091], [3.4302332662827646, 1.3438820953529529, 2.0277386888771955, 1.2868137883203683])
([-4.112221995831926, -2.6596481940077283, -4.512618516188344, -4.8664616374605965], [3.174483163586306, 4.8123328052605645, 2.4867360342937994, 4.494021177154776])
([-1.6400745198138984, -1.692301675508763, -3.0074825093255764, -0.8491549429122544], [4.348706496949282, 6.0, 1.1857210343419586, 3.159999493714969])
([-0.934643200985915, -1.5269325202309336, -1.6011801520286022, -2.774558903135878], [1.3831964934447563, 2.5656169926180814, 2.109096432598566, 1.6092450278402972])
([-3.513872782897844, -4.482089258091451, -3.0035223861632785, -2.2757591265840147], [2.305439573766826, 2.0757039443413605, 2.1978691245837285, 3.6791614321895865])
([-4.952733745465522, -4.024144971018692, -1.4799587936383252, -1.0142793882514736], [2.2413068049312646, 1.809656795159844, 4.015251089996025, 5.988715618558193])
([-5.649566506978071, -3.207200026093789, -0.8547633585467643, -1.400205570130786], [1.5695444341021316, 2.6509896392729275, 4.417469541664177, 4.690440552134814])
([-1.1245610978190863, -1.17518286465276, -0.9046631257664876, -0.3624861765892875], [1.37841619547422, 0.8606643877956421, 0.5285108778799691, 0.7251778600642519])
([-2.6655982627017205, -2.157262792164922, -2.365417159205341, -4.808890765678449], [2.861919472751139, 5.142451977642321, 2.7757163399789495, 3.040485812682564])
([-0.612145005138536, -1.0753988321243382, -2.3932868996804437, -1.1068953280315847], [1.5832001494396022, 1.5547678636192297, 0.8369700220938006, 2.500168464382543])
([-2.679968836214762, -1.0699219566636804, -2.7648101707645254, -2.2659553947713587], [1.6257293156428962, 1.8799346849792398, 1.1743264605306334, 4.299828326405008])
([-4.427513300883496, -4.695215132585916, -5.865883194328272, -3.176095998067065], [3.124826060653898, 6.0, 0.9983618109608503, 3.988210174782504])
