([-0.9156040118642085, -1.1117630075235756, -1.7441761447134476, -1.9826975781070666, -0.7639536192245108], [0.5883814642277864, 0.6066756885651428, 0.5932075794977298, 0.3856223600323602, 0.6310954617718297])
([-2.919149115926339, -3.626487081197976, -1.777232475245587, -1.6519153539423133, -2.12188220976069], [0.7992162401485291, 0.20255322534485162, 1.3582167836817287, 1.5698158177229438, 2.3055103290192736])
([-1.1236715996802882, -1.497838651271202, -0.5589280434554027, -0.5167435579487456, -0.9579046444339718], [0.5407247797444567, 0.28718772099706774, 0.8176890171383074, 1.1597410310016436, 1.6759668171700761])
([-1.1070258803549087, -2.246257582132831, -1.2441003582190988, -1.7825585077030859, -1.8158181537136553], [2.7811929386366727, 1.3124009454437444, 1.6763470334933637, 1.6320972682024284, 1.2272639452284557])
([-0.13534209530692592, -0.3334135294957244, -1.5313018409364303, -0.847754107707617, -0.4142444572642959], [0.6987088801701417, 0.5503968224178195, 1.3103119520001423, 0.5855816810490823, 0.6528379149471056])
([-1.7616592157709814, -1.028874922020822, -1.4253298860622583, -2.044037663273707, -2.3207070059033743], [2.6002231520508348, 2.1606990254371743, 2.3930774617384905, 0.7989961823243874, 1.4615969046932114])
([-1.3620166045224336, -1.4956207855116008, -1.8399053853181613, -1.3022984808944589, -1.6220304410705977], [1.4258716089988168, 0.8593744458226853, 2.1320942560704013, 0.7139198198039789, 0.5106408979567927])
([-0.9240202927949706, -1.3506022662376986, -0.5451009983676551, -2.210186444636412, -0.8187214788292294], [0.8430953025898527, 1.656264059758686, 2.0355063258971873, 0.9391853426426493, 1.0247437650231015])
([-1.6991383237259154, -3.1924539343112435, -1.9755955547426716, -1.2520802869745309, -2.325720441026428], [0.8747799558362613, 0.5243617375896465, 1.380275327492721, 2.3860852666274397, 0.6581293866963999])
([-0.5324119987935119, -1.350096788266839, -1.052516988041172, -1.4870358256218825, -1.077569449330539], [2.090490579366003, 1.593106030157882, 1.5131834074723904, 1.0440869581626162, 1.8169458646107144])
([-1.7250326829161582, -1.395365068727279, -0.3803491263441052, -0.7367500803153815, -0.5229575353971516], [0.9543958551297423, 1.5940269040046637, 1.1359608593713268, 1.643538998726755, 1.4929546474507907])
([-1.8430917034124896, -1.6153925390371768, -1.4028976951868293, -1.9134632009480317, -0.831859585750597], [1.3732097185389172, 0.3020182166090745, 0.9726814950149486, 0.9288416039388221, 1.2005643966316029])
([-0.8496118478593785, -1.5492592197587558, -0.9939668562732507, -1.663118586379946, -0.9284649804709096], [0.5828533036512559, 1.1023184782214366, 1.1811158218964621, 1.1333847074958872, 2.8056228395460368])
([-0.9955019599608101, -1.06984008712681, -0.9504433781394431, -1.055328078634077, -0.6137052881005485], [1.938277650718115, 0.7380573720074728, 1.419383998788752, 1.225719076106169, 1.0448221592649547])
([-1.6504970190704495, -1.5367203734925232, -1.7066180052681599, -1.760209156565087, -0.6085217344962696], [1.104070248508306, 1.2013134964157302, 1.3200179140260293, 1.9248383480864182, 1.3715272424794533])
([-1.8631454878010318, -2.5213136353530294, -1.153673410912957, -1.1876196279098408, -1.9797509230220511], [3.0887911001147392, 1.4462377747077828, 3.8759868938099653, 2.758906549918538, 2.216734297467259])
([-1.4334238763270457, -0.8659154012819139, -0.9082694776832463, -1.5965325514051012, -1.0501481993687383], [1.7815611755022518, 1.1291982191048946, 2.201103494117422, 1.4401238398492318, 1.7601678071985527])
([-1.6117467860902412, -1.292433052736212, -1.0479031699609944, -0.6354364168952031, -0.6588203124739441], [0.9883197450217737, 2.040678961422359, 1.6861401206459272, 1.2453982696936792, 0.963134721221537])
([-1.4241995760412185, -0.9122806475216454, -1.015487340511914, -1.9544825009354838, -1.4125476318286867], [1.2820792827859246, 0.9146520899536412, 2.2474833238948215, 0.9330067377245449, 1.1375956473402156])
([-1.4719196342677352, -1.6654849454636673, -0.7735277941745727, -1.123614369461555, -1.8091097428333929], [3.2054934951138843, 1.4963510522549197, 1.2875874178228717, 0.7645633133476512, 1.0549042228187553])
([-1.2109487381636608, -1.6274979318905871, -1.5378604624492827, -1.659481705686052, -0.9921433190796818], [1.4686369673927857, 1.9581208890329669, 1.2592864877096441, 1.4263426985055194, 1.7941625519236])
([-0.8408447993993726, -1.199621274017163, -1.1760150642688967, -1.1053142889881087, -1.2731640744406891], [1.3471206195698269, 0.8063237557101688, 0.8937168290750108, 1.7358543902256554, 0.9864541433006786])
([-0.8294935807346222, -1.5992986453392728, -0.7522754908125809, -0.8768031067733243, -1.3974731234430584], [1.4532332092446956, 0.5690405704757384, 0.9855065037695151, 0.8883721348430449, 1.8176463623829346])
([-0.9050643048932676, -1.1357646191384914, -0.8810242749713456, -0.6139012827925552, -1.187317047649546], [1.0052764515843648, 0.6273957544793819, 0.7410337535432014, 1.1630318404674418, 0.739646853078702])
([-1.228394556167209, -2.743569675401378, -1.5991606281729673, -2.7474892850024197, -0.5907207001325937], [1.2106946534686345, 1.1615230047508744, 2.4548844811247283, 1.6337863069251621, 3.224805179489975])
([-1.1552239403606994, -1.2552299539629594, -0.9519446798176918, -1.2238474988745598, -1.6312440286923175], [0.9282068794949473, 0.7838986157622928, 1.5020865014464289, 0.980770378386318, 1.4028020588361132])
([-1.7225429261534615, -1.0700215235616468, -2.6008276608856202, -0.4422183681224349, -1.1346190301648726], [2.0100790723187694, 3.2428052383231685, 0.7341322078563106, 3.4199174506653605, 2.2051350162746752])
([-1.7663709002945582, -0.7147573247045703, -1.9865322266158507, -2.8979451755243755, -1.3512946526677914], [2.6306842386742066, 2.562198391164786, 1.2895073274345543, 1.7187713003569411, 2.2847657616241435])
([-1.2655856375505388, -1.7104508686829285, -0.8016248532531659, -0.9351061620613602, -0.8754390981562391], [0.9124071398697341, 0.23795304402088352, 0.627057824584853, 0.7931929663002727, 1.5089985041375542])
([-2.6879633034159376, -2.6377780658086882, -2.5609207314872453, -2.847258794791895, -2.5331428811942387], [2.202963174207883, 1.2512713538402158, 1.6392517395435253, 1.5170784281226732, 1.7828034583468009])
